Expected Degree Sequence
Degree histogram
degree (#nodes) ****
 0 ( 0) 
 1 ( 0) 
 2 ( 0) 
 3 ( 0) 
 4 ( 0) 
 5 ( 0) 
 6 ( 0) 
 7 ( 0) 
 8 ( 0) 
 9 ( 0) 
10 ( 0) 
11 ( 0) 
12 ( 0) 
13 ( 0) 
14 ( 0) 
15 ( 0) 
16 ( 0) 
17 ( 0) 
18 ( 0) 
19 ( 0) 
20 ( 0) 
21 ( 0) 
22 ( 0) 
23 ( 0) 
24 ( 0) 
25 ( 0) 
26 ( 0) 
27 ( 0) 
28 ( 0) 
29 ( 1) *
30 ( 0) 
31 ( 0) 
32 ( 0) 
33 ( 3) ***
34 ( 2) **
35 ( 1) *
36 ( 3) ***
37 ( 4) ****
38 ( 8) ********
39 ( 8) ********
40 (11) ***********
41 (11) ***********
42 (15) ***************
43 (12) ************
44 (21) *********************
45 (22) **********************
46 (21) *********************
47 (22) **********************
48 (28) ****************************
49 (47) ***********************************************
50 (33) *********************************
51 (25) *************************
52 (34) **********************************
53 (26) **************************
54 (23) ***********************
55 (24) ************************
56 (18) ******************
57 (13) *************
58 (16) ****************
59 (13) *************
60 ( 7) *******
61 ( 8) ********
62 ( 5) *****
63 ( 5) *****
64 ( 2) **
65 ( 2) **
66 ( 3) ***
67 ( 1) *
68 ( 1) *
69 ( 0) 
70 ( 0) 
71 ( 0) 
72 ( 1) *
